NO_OF_FRAMES	720
NO_OF_CAMERAS	7
NO_OF_MARKERS	2
FREQUENCY	120
NO_OF_ANALOG	0
ANALOG_FREQUENCY	0
DESCRIPTION	--
TIME_STAMP	2014-06-17, 08:53:44	912.56663253
DATA_INCLUDED	3D
MARKER_NAMES	right_knee	right_ankle
Frame	Time	right_knee X	right_knee Y	right_knee Z	right_ankle X	right_ankle Y	right_ankle Z	
1	0.00833	1440.857	2052.804	474.694	1501.102	2073.985	102.815
2	0.01667	1440.625	2052.820	474.753	1501.187	2074.183	103.058
3	0.02500	1434.826	2054.241	482.904	1501.052	2073.905	102.775
4	0.03333	1435.092	2051.464	481.212	1501.557	2073.970	103.195
5	0.04167	1435.118	2051.504	481.120	1501.425	2073.629	102.974
6	0.05000	1435.160	2051.429	481.170	1501.329	2073.551	102.924
7	0.05833	1435.151	2051.393	481.199	1501.474	2073.784	103.147
8	0.06667	1429.771	2041.574	479.407	1501.732	2073.681	103.320
9	0.07500	1429.990	2041.554	479.591	1501.312	2073.741	103.047
10	0.08333	1429.989	2041.498	479.623	1501.329	2073.801	103.158
11	0.09167	1429.892	2041.336	479.511	1501.120	2073.547	102.939
12	0.10000	1429.934	2041.410	479.662	1501.305	2073.976	103.185
13	0.10833	1429.865	2041.370	479.614	1501.330	2073.969	103.188
14	0.11667	1440.519	2051.778	474.837	1501.237	2073.851	103.178
15	0.12500	1440.410	2051.683	474.872	1501.140	2073.757	102.909
16	0.13333	1440.348	2051.525	474.632	1500.989	2073.710	102.838
17	0.14167	1440.176	2051.512	474.806	1501.118	2073.836	102.993
18	0.15000	1439.949	2051.385	474.692	1501.123	2073.904	103.112
19	0.15833	1439.795	2051.284	474.619	1501.191	2074.198	103.148
20	0.16667	1439.574	2051.435	474.443	1501.136	2074.230	103.195
21	0.17500	1439.424	2051.240	474.354	1501.169	2074.384	103.262
22	0.18333	1439.313	2051.236	474.192	1500.866	2074.082	102.708
23	0.19167	1439.187	2051.078	473.861	1501.227	2074.125	102.936
24	0.20000	1439.317	2051.059	473.906	1501.228	2074.195	102.995
25	0.20833	1438.695	2051.304	473.815	1500.974	2074.476	102.857
26	0.21667	1438.581	2051.399	473.926	1500.965	2074.733	102.795
27	0.22500	1438.617	2051.528	473.897	1500.792	2074.535	102.688
28	0.23333	1438.785	2051.715	473.835	1501.000	2074.885	102.841
29	0.24167	1438.969	2051.664	473.767	1500.659	2074.770	102.401
30	0.25000	1438.961	2051.872	473.818	1500.765	2074.876	102.345
31	0.25833	1439.776	2051.444	473.670	1500.615	2074.659	102.197
32	0.26667	1439.681	2051.984	473.769	1500.467	2074.656	102.034
33	0.27500	1440.378	2051.766	473.604	1501.244	2075.076	102.573
34	0.28333	1440.220	2052.133	473.703	1500.997	2075.207	102.478
35	0.29167	1440.193	2052.303	473.963	1500.906	2075.122	102.313
36	0.30000	1440.623	2052.357	473.889	1500.817	2075.036	102.148
37	0.30833	1440.800	2052.399	473.696	1501.056	2075.373	102.304
38	0.31667	1441.272	2052.800	473.662	1500.975	2075.267	102.029
39	0.32500	1441.180	2052.625	473.840	1501.148	2075.443	102.347
40	0.33333	1441.386	2052.370	474.004	1500.910	2075.273	102.209
41	0.34167	1441.649	2052.285	474.149	1500.988	2075.438	102.127
42	0.35000	1441.870	2052.193	474.059	1500.967	2075.299	102.215
43	0.35833	1442.239	2052.110	474.109	1500.946	2075.121	101.959
44	0.36667	1442.569	2051.901	474.358	1500.913	2075.317	102.106
45	0.37500	1442.626	2051.778	474.444	1501.070	2075.144	102.174
46	0.38333	1442.924	2051.639	474.564	1501.115	2075.119	102.112
47	0.39167	1443.186	2051.524	474.736	1501.040	2075.143	102.024
48	0.40000	1443.102	2051.127	474.861	1501.126	2074.907	102.196
49	0.40833	1443.127	2050.886	474.769	1501.097	2075.086	102.199
50	0.41667	1443.708	2050.495	474.829	1501.093	2074.956	102.012
51	0.42500	1443.907	2050.258	474.885	1500.984	2074.756	102.113
52	0.43333	1444.165	2049.851	475.156	1501.282	2075.084	102.422
53	0.44167	1444.448	2049.479	475.186	1501.119	2074.891	102.382
54	0.45000	1444.850	2048.988	475.402	1501.114	2074.679	102.374
55	0.45833	1445.219	2048.562	475.473	1501.279	2074.958	102.622
56	0.46667	1445.436	2048.181	475.625	1501.135	2074.593	102.543
57	0.47500	1445.680	2047.770	475.519	1501.326	2074.694	102.776
58	0.48333	1445.963	2047.327	475.856	1501.135	2074.463	102.756
59	0.49167	1446.371	2046.536	476.004	1501.222	2074.503	102.932
60	0.50000	1446.698	2045.935	476.148	1501.081	2074.062	102.699
61	0.50833	1446.928	2045.409	476.384	1501.236	2074.302	103.048
62	0.51667	1447.352	2044.365	476.598	1501.072	2074.157	102.985
63	0.52500	1447.463	2043.435	476.782	1500.983	2073.867	102.867
64	0.53333	1447.438	2042.680	476.883	1501.102	2073.989	103.014
65	0.54167	1447.530	2041.938	476.900	1501.138	2073.998	103.218
66	0.55000	1447.582	2041.050	476.766	1501.076	2073.747	103.081
67	0.55833	1447.568	2039.996	476.778	1501.280	2073.925	103.536
68	0.56667	1447.593	2038.853	476.824	1501.021	2073.494	103.344
69	0.57500	1447.676	2037.520	476.733	1501.275	2073.690	103.728
70	0.58333	1447.929	2036.500	476.678	1501.176	2073.240	103.568
71	0.59167	1448.109	2035.050	476.702	1501.268	2073.121	103.770
72	0.60000	1447.730	2033.850	477.117	1501.148	2073.052	103.988
73	0.60833	1447.463	2032.572	477.562	1500.996	2072.841	104.215
74	0.61667	1447.088	2031.353	477.799	1501.087	2072.892	104.538
75	0.62500	1446.853	2029.982	477.884	1501.022	2072.453	104.570
76	0.63333	1446.622	2028.515	477.914	1500.856	2071.903	104.682
77	0.64167	1446.433	2026.774	478.087	1500.815	2071.712	105.034
78	0.65000	1445.993	2024.973	478.065	1500.819	2071.544	105.405
79	0.65833	1445.535	2023.270	478.176	1500.801	2071.227	105.707
80	0.66667	1444.879	2021.093	478.370	1500.311	2070.646	105.588
81	0.67500	1444.194	2018.922	478.491	1500.693	2070.381	106.187
82	0.68333	1443.410	2017.009	478.555	1500.533	2069.960	106.395
83	0.69167	1442.245	2014.730	478.732	1500.667	2069.533	106.945
84	0.70000	1441.310	2012.482	478.758	1500.328	2068.618	107.217
85	0.70833	1440.447	2009.505	478.662	1499.902	2068.752	108.175
86	0.71667	1439.657	2006.304	478.589	1499.645	2067.884	108.934
87	0.72500	1437.705	2003.421	479.569	1499.743	2068.166	110.033
88	0.73333	1435.600	2000.003	479.995	1499.298	2066.762	110.796
89	0.74167	1433.229	1996.220	480.337	1499.067	2065.495	111.919
90	0.75000	1430.083	1992.499	481.265	1498.749	2064.039	112.948
91	0.75833	1427.298	1987.693	481.146	1498.209	2061.893	114.007
92	0.76667	1424.092	1982.698	481.561	1499.677	2062.194	117.820
93	0.77500	1420.718	1977.859	481.955	1499.793	2060.435	120.026
94	0.78333	1417.375	1972.874	482.121	1499.157	2057.386	121.566
95	0.79167	1413.215	1968.146	482.621	1498.544	2054.654	123.205
96	0.80000	1409.939	1962.730	483.519	1497.985	2052.716	125.680
97	0.80833	1406.388	1957.876	484.172	1497.534	2049.203	127.998
98	0.81667	1403.775	1953.222	484.900	1495.575	2045.205	129.363
99	0.82500	1400.583	1948.818	486.010	1493.403	2041.002	130.580
100	0.83333	1397.514	1944.701	486.516	1490.544	2036.019	131.032
101	0.84167	1394.925	1940.700	487.007	1486.672	2030.205	130.708
102	0.85000	1392.792	1936.732	487.991	1482.727	2024.551	130.407
103	0.85833	1390.331	1933.100	488.825	1478.353	2018.773	130.314
104	0.86667	1388.207	1929.670	489.136	1483.043	2023.362	121.247
105	0.87500	1386.335	1926.635	489.681	1476.021	2015.995	120.513
106	0.88333	1384.455	1923.457	490.117	1469.561	2007.638	118.125
107	0.89167	1382.312	1920.475	491.181	1461.585	1999.787	116.254
108	0.90000	1380.092	1917.370	491.446	1454.102	1990.988	115.123
109	0.90833	1378.162	1914.188	491.747	1446.682	1981.497	112.949
110	0.91667	1376.096	1911.157	492.018	1438.145	1972.185	110.618
111	0.92500	1373.255	1907.926	492.288	1430.101	1962.821	110.023
112	0.93333	1370.462	1904.583	492.598	1421.594	1953.013	109.257
113	0.94167	1368.235	1900.871	492.961	1412.819	1943.264	107.675
114	0.95000	1364.982	1897.511	493.516	1404.563	1933.682	106.869
115	0.95833	1361.850	1894.238	493.422	1396.296	1924.041	106.243
116	0.96667	1359.300	1890.705	493.960	1387.479	1914.546	105.478
117	0.97500	1355.808	1887.090	493.873	1379.031	1904.608	105.486
118	0.98333	1352.750	1883.056	494.270	1370.089	1894.357	105.218
119	0.99167	1349.546	1879.302	494.944	1361.538	1884.758	105.093
120	1.00000	1345.621	1875.266	495.242	1352.959	1874.881	105.192
121	1.00833	1340.509	1870.580	497.242	1344.294	1865.355	106.159
122	1.01667	1336.731	1866.840	497.529	1335.926	1856.097	106.328
123	1.02500	1335.331	1863.547	496.292	1327.382	1846.818	107.379
124	1.03333	1329.518	1859.131	498.381	1318.911	1837.542	108.120
125	1.04167	1325.970	1854.976	499.133	1310.839	1828.724	109.166
126	1.05000	1321.794	1851.018	499.469	1303.045	1819.896	110.068
127	1.05833	1318.189	1846.996	499.611	1293.186	1810.022	114.122
128	1.06667	1314.127	1842.812	500.172	1285.893	1801.812	115.310
129	1.07500	1310.284	1838.703	500.463	1278.659	1793.506	115.862
130	1.08333	1306.324	1834.986	501.119	1271.963	1785.881	117.412
131	1.09167	1302.562	1830.796	501.600	1265.112	1778.328	118.237
132	1.10000	1298.249	1826.669	501.900	1258.425	1770.754	119.407
133	1.10833	1294.454	1822.396	501.949	1252.281	1763.741	120.827
134	1.11667	1290.609	1818.369	502.174	1245.943	1756.976	121.825
135	1.12500	1286.654	1813.978	502.550	1239.746	1750.012	122.468
136	1.13333	1282.819	1809.879	502.903	1234.164	1743.536	123.237
137	1.14167	1278.886	1805.654	502.691	1228.449	1737.057	123.850
138	1.15000	1274.788	1801.348	502.712	1223.413	1730.976	124.587
139	1.15833	1271.146	1797.236	502.660	1218.304	1725.567	125.515
140	1.16667	1267.391	1793.169	502.425	1213.432	1719.907	125.392
141	1.17500	1263.512	1789.108	502.059	1208.236	1714.161	125.569
142	1.18333	1260.052	1785.302	501.518	1203.892	1709.009	125.407
143	1.19167	1256.478	1781.544	501.327	1199.268	1704.323	124.871
144	1.20000	1253.203	1777.875	500.677	1195.457	1699.688	124.827
145	1.20833	1249.522	1774.200	499.852	1191.932	1695.171	124.665
146	1.21667	1246.452	1770.621	499.135	1188.316	1690.702	123.586
147	1.22500	1243.202	1767.154	498.473	1185.049	1686.714	122.926
148	1.23333	1239.980	1763.714	497.342	1181.852	1683.065	122.346
149	1.24167	1236.733	1760.654	496.667	1179.061	1679.667	121.021
150	1.25000	1233.774	1757.348	495.792	1176.498	1676.512	120.480
151	1.25833	1230.505	1754.396	494.695	1173.727	1673.992	119.694
152	1.26667	1227.299	1751.241	493.466	1171.432	1671.504	118.432
153	1.27500	1224.265	1748.159	492.745	1169.200	1668.950	116.968
154	1.28333	1221.186	1745.260	491.721	1167.256	1667.302	115.960
155	1.29167	1218.322	1742.646	490.444	1165.276	1665.541	114.573
156	1.30000	1215.468	1739.865	489.545	1163.399	1663.934	112.923
157	1.30833	1212.683	1737.349	488.355	1161.797	1662.774	111.343
158	1.31667	1209.983	1734.978	486.827	1160.850	1661.266	109.724
159	1.32500	1207.387	1732.576	485.484	1160.060	1660.352	107.961
160	1.33333	1204.831	1730.429	484.111	1159.043	1659.432	106.116
161	1.34167	1202.369	1728.279	482.628	1158.684	1658.192	103.781
162	1.35000	1200.211	1726.286	481.413	1158.168	1656.888	102.466
163	1.35833	1198.353	1724.814	479.729	1157.663	1655.472	101.532
164	1.36667	1195.801	1723.043	478.158	1156.599	1653.321	100.643
165	1.37500	1193.837	1720.940	476.924	1155.456	1651.222	99.839
166	1.38333	1191.143	1718.879	476.134	1154.063	1649.401	99.262
167	1.39167	1188.176	1716.872	475.433	1152.720	1647.961	98.675
168	1.40000	1184.818	1714.582	474.919	1150.934	1646.481	98.189
169	1.40833	1181.390	1712.117	474.794	1149.400	1645.142	97.952
170	1.41667	1177.587	1709.827	474.542	1148.024	1644.056	97.886
171	1.42500	1173.724	1707.460	474.543	1146.574	1643.170	97.817
172	1.43333	1170.016	1704.974	474.379	1145.525	1642.826	97.695
173	1.44167	1165.966	1702.525	474.663	1144.469	1642.536	97.410
174	1.45000	1161.958	1700.506	474.888	1143.622	1642.238	97.121
175	1.45833	1157.930	1698.565	474.879	1142.666	1641.892	96.902
176	1.46667	1154.036	1696.511	475.318	1141.776	1641.495	96.650
177	1.47500	1150.716	1694.513	475.399	1141.091	1640.934	96.356
178	1.48333	1146.796	1692.731	475.307	1140.161	1640.407	95.883
179	1.49167	1143.586	1690.612	475.242	1139.660	1639.983	96.068
180	1.50000	1140.019	1688.243	475.050	1139.228	1639.279	95.827
181	1.50833	1137.229	1686.298	475.116	1138.844	1638.665	95.779
182	1.51667	1133.839	1684.012	474.920	1138.488	1637.957	95.837
183	1.52500	1130.727	1681.810	474.801	1138.107	1637.248	95.990
184	1.53333	1127.512	1679.527	474.777	1137.787	1636.566	95.743
185	1.54167	1124.700	1677.380	474.741	1137.640	1636.009	95.861
186	1.55000	1121.546	1675.227	474.731	1137.445	1635.717	95.999
187	1.55833	1118.480	1673.225	474.774	1137.362	1635.303	96.196
188	1.56667	1115.449	1671.215	474.581	1137.241	1635.154	95.926
189	1.57500	1112.464	1669.343	474.681	1137.099	1634.844	96.374
190	1.58333	1109.408	1667.331	474.796	1137.018	1634.577	96.379
191	1.59167	1106.654	1665.550	475.068	1136.891	1634.370	96.375
192	1.60000	1103.515	1663.624	474.962	1136.880	1634.089	96.455
193	1.60833	1100.996	1661.831	474.986	1137.065	1634.106	96.560
194	1.61667	1098.336	1660.298	474.925	1136.706	1633.577	96.677
195	1.62500	1095.906	1658.495	475.174	1136.597	1633.479	96.729
196	1.63333	1093.466	1656.996	475.238	1136.522	1633.448	96.817
197	1.64167	1090.981	1655.389	475.072	1136.478	1633.162	96.779
198	1.65000	1088.792	1653.914	475.067	1136.582	1633.081	96.824
199	1.65833	1086.241	1652.513	474.750	1136.474	1633.200	96.984
200	1.66667	1084.308	1651.089	474.751	1136.382	1633.159	96.942
201	1.67500	1082.298	1649.434	474.818	1136.436	1632.896	96.986
202	1.68333	1079.837	1648.079	474.749	1136.430	1632.968	97.033
203	1.69167	1077.908	1646.548	474.680	1136.423	1632.588	97.134
204	1.70000	1076.018	1645.203	474.353	1136.388	1632.472	97.194
205	1.70833	1073.773	1643.727	474.039	1136.243	1632.329	97.314
206	1.71667	1071.982	1642.115	474.096	1136.199	1632.163	97.352
207	1.72500	1070.260	1640.664	474.059	1136.136	1631.980	97.537
208	1.73333	1068.155	1639.029	474.092	1136.222	1631.794	97.670
209	1.74167	1066.392	1637.472	474.063	1136.013	1631.706	97.784
210	1.75000	1064.585	1635.981	473.727	1135.951	1631.604	97.870
211	1.75833	1062.483	1634.415	473.550	1135.915	1631.394	98.168
212	1.76667	1060.532	1632.781	473.350	1135.728	1631.308	98.195
213	1.77500	1058.851	1631.175	473.126	1135.689	1631.125	98.285
214	1.78333	1057.015	1629.384	473.073	1135.521	1630.787	98.515
215	1.79167	1055.286	1627.843	472.992	1135.532	1630.746	98.620
216	1.80000	1053.356	1626.226	472.794	1135.537	1630.490	98.668
217	1.80833	1051.394	1624.642	472.356	1135.418	1630.426	98.832
218	1.81667	1049.661	1623.029	472.156	1135.309	1630.167	98.910
219	1.82500	1047.783	1621.445	471.826	1135.287	1630.022	99.122
220	1.83333	1046.263	1619.670	471.593	1135.207	1629.742	99.016
221	1.84167	1044.459	1618.301	471.556	1135.263	1629.490	99.334
222	1.85000	1042.841	1616.753	471.178	1135.159	1629.430	99.239
223	1.85833	1040.961	1615.149	470.856	1135.116	1629.237	99.458
224	1.86667	1039.416	1613.862	470.453	1135.075	1629.160	99.428
225	1.87500	1037.828	1612.302	470.240	1134.996	1629.065	99.512
226	1.88333	1035.869	1610.864	469.863	1134.975	1628.952	99.670
227	1.89167	1034.229	1609.539	469.406	1134.950	1628.773	99.710
228	1.90000	1032.818	1607.700	469.006	1134.978	1628.423	99.847
229	1.90833	1030.684	1606.171	468.750	1134.765	1628.350	100.000
230	1.91667	1028.742	1604.492	468.286	1134.615	1628.040	100.210
231	1.92500	1027.248	1602.997	468.155	1134.696	1627.849	100.391
232	1.93333	1025.490	1601.329	467.725	1134.583	1627.751	100.770
233	1.94167	1023.804	1599.839	467.742	1134.314	1627.493	101.057
234	1.95000	1022.299	1598.181	467.450	1134.341	1627.424	101.252
235	1.95833	1020.430	1596.542	467.232	1134.195	1627.153	101.301
236	1.96667	1018.975	1594.933	466.967	1134.256	1626.998	101.471
237	1.97500	1017.189	1593.749	466.897	1134.280	1626.747	101.738
238	1.98333	1015.387	1592.311	466.504	1134.153	1626.711	101.772
239	1.99167	1013.649	1590.842	466.199	1134.185	1626.599	102.120
240	2.00000	1011.990	1589.698	466.478	1133.804	1626.890	102.627
241	2.00833	1010.476	1588.477	466.291	1134.010	1626.298	102.418
242	2.01667	1008.569	1586.807	466.131	1133.930	1626.140	102.674
243	2.02500	1006.763	1585.448	465.534	1133.765	1626.272	103.312
244	2.03333	1004.854	1583.938	465.039	1133.780	1626.171	103.555
245	2.04167	1003.108	1582.498	465.133	1133.620	1625.854	104.042
246	2.05000	1001.372	1580.974	464.928	1133.631	1625.509	104.322
247	2.05833	999.892	1579.426	464.592	1133.676	1625.086	104.697
248	2.06667	998.038	1577.768	464.133	1133.584	1624.674	105.327
249	2.07500	996.158	1575.988	463.338	1133.475	1624.298	105.637
250	2.08333	994.177	1574.393	463.266	1133.366	1624.114	105.992
251	2.09167	992.544	1572.362	462.927	1133.221	1623.913	106.351
252	2.10000	990.791	1570.533	462.533	1133.157	1623.428	106.899
253	2.10833	988.973	1568.568	461.999	1132.876	1623.039	107.286
254	2.11667	987.240	1566.973	461.951	1132.990	1622.743	107.971
255	2.12500	985.084	1565.154	461.910	1132.703	1622.278	108.527
256	2.13333	983.303	1563.176	461.734	1132.660	1621.994	109.476
257	2.14167	981.418	1561.026	461.075	1132.490	1621.797	110.375
258	2.15000	979.240	1559.543	461.226	1132.093	1621.304	111.224
259	2.15833	977.270	1557.181	461.346	1131.985	1621.333	111.849
260	2.16667	975.299	1555.161	461.156	1131.480	1620.891	112.507
261	2.17500	973.053	1553.010	460.866	1130.996	1620.663	113.107
262	2.18333	971.072	1550.836	461.023	1130.452	1620.319	113.855
263	2.19167	969.279	1548.753	461.475	1130.035	1619.847	114.844
264	2.20000	966.753	1547.619	462.595	1129.538	1619.898	116.054
265	2.20833	964.727	1545.650	462.866	1128.907	1619.427	117.057
266	2.21667	962.459	1543.379	463.095	1128.508	1619.334	118.128
267	2.22500	960.443	1541.279	463.370	1127.944	1619.078	119.705
268	2.23333	958.165	1539.093	463.736	1127.428	1618.778	120.876
269	2.24167	956.104	1536.359	464.145	1126.729	1618.294	122.180
270	2.25000	953.907	1534.145	464.559	1125.856	1618.208	123.437
271	2.25833	951.454	1531.771	465.005	1124.915	1617.869	124.667
272	2.26667	948.836	1529.566	465.365	1123.933	1617.804	126.840
273	2.27500	946.120	1527.042	465.720	1122.883	1617.526	127.973
274	2.28333	943.120	1524.339	466.487	1122.021	1617.292	130.388
275	2.29167	940.070	1521.445	467.346	1120.227	1616.957	132.021
276	2.30000	936.725	1518.583	468.235	1119.109	1616.799	134.629
277	2.30833	933.036	1515.113	469.114	1117.692	1616.651	137.329
278	2.31667	929.122	1512.098	469.796	1115.248	1615.794	139.797
279	2.32500	924.680	1508.586	471.169	1113.199	1615.215	142.626
280	2.33333	919.582	1504.785	472.653	1110.238	1614.382	145.580
281	2.34167	913.974	1500.471	473.748	1107.335	1613.982	149.329
282	2.35000	907.922	1495.633	474.731	1103.595	1612.825	153.492
283	2.35833	900.937	1490.409	476.015	1099.743	1611.401	157.639
284	2.36667	894.321	1487.964	476.808	1095.074	1609.773	161.998
285	2.37500	886.191	1481.231	477.753	1090.085	1607.690	166.392
286	2.38333	877.215	1474.040	478.318	1084.587	1605.468	171.152
287	2.39167	868.154	1466.937	479.473	1079.197	1603.063	176.949
288	2.40000	858.599	1459.472	480.391	1073.624	1599.996	182.698
289	2.40833	848.435	1451.675	481.151	1068.083	1596.449	188.154
290	2.41667	838.746	1443.851	481.637	1062.848	1592.390	194.424
291	2.42500	828.707	1435.896	482.341	1056.825	1588.192	200.973
292	2.43333	818.495	1427.765	483.376	1052.052	1583.627	209.071
293	2.44167	808.955	1419.187	484.436	1045.992	1577.940	215.483
294	2.45000	798.698	1410.667	485.272	1039.825	1572.213	222.625
295	2.45833	789.244	1402.100	486.421	1033.953	1565.876	229.102
296	2.46667	780.197	1393.275	487.666	1027.991	1559.122	235.505
297	2.47500	770.623	1384.645	488.598	1021.938	1551.540	241.381
298	2.48333	761.910	1376.187	490.481	1016.150	1543.779	247.174
299	2.49167	753.564	1367.651	491.806	1010.102	1535.283	252.288
300	2.50000	745.662	1359.191	493.888	1003.794	1526.555	256.647
301	2.50833	737.204	1350.585	495.185	997.103	1517.361	260.180
302	2.51667	729.360	1341.937	497.357	990.020	1507.907	263.595
303	2.52500	721.369	1333.527	499.020	982.409	1498.458	265.726
304	2.53333	713.582	1324.681	500.972	974.238	1488.546	266.932
305	2.54167	705.814	1316.144	502.337	967.359	1481.334	267.725
306	2.55000	698.095	1307.641	504.243	958.642	1471.130	267.561
307	2.55833	690.471	1299.012	505.375	949.474	1460.778	266.306
308	2.56667	683.071	1290.624	506.923	940.067	1450.536	264.621
309	2.57500	675.082	1282.009	506.623	930.245	1439.987	261.921
310	2.58333	668.052	1274.019	507.130	920.130	1429.773	258.838
311	2.59167	661.619	1266.093	507.656	909.521	1419.547	254.727
312	2.60000	655.021	1258.347	507.748	898.712	1409.142	250.153
313	2.60833	647.497	1247.788	509.413	887.512	1398.655	245.308
314	2.61667	640.634	1239.673	509.764	875.606	1387.722	239.027
315	2.62500	634.437	1232.013	510.208	863.616	1376.973	233.051
316	2.63333	628.027	1224.210	510.340	851.284	1366.179	226.657
317	2.64167	621.841	1216.668	510.549	838.544	1355.122	220.080
318	2.65000	615.516	1208.805	510.608	825.431	1343.739	213.036
319	2.65833	609.410	1201.343	510.442	811.967	1332.265	206.130
320	2.66667	603.459	1194.002	510.138	798.005	1320.454	198.748
321	2.67500	597.698	1186.818	509.993	782.664	1309.124	190.970
322	2.68333	591.917	1179.422	509.677	768.652	1296.906	183.851
323	2.69167	586.373	1172.478	509.492	754.282	1284.432	176.723
324	2.70000	580.933	1165.670	508.787	739.572	1271.858	169.883
325	2.70833	575.606	1159.125	508.270	725.151	1258.645	162.816
326	2.71667	570.416	1152.447	507.466	710.285	1245.413	156.274
327	2.72500	565.458	1146.216	506.655	695.385	1231.872	150.062
328	2.73333	560.612	1139.876	506.040	680.609	1218.023	144.189
329	2.74167	555.784	1133.645	505.229	665.678	1203.973	138.537
330	2.75000	551.191	1127.512	504.434	650.865	1190.218	133.825
331	2.75833	546.527	1121.480	503.482	636.135	1176.105	129.057
332	2.76667	542.164	1115.502	502.803	621.725	1162.045	125.060
333	2.77500	537.517	1109.788	501.740	607.356	1147.896	121.466
334	2.78333	530.722	1103.765	501.432	593.218	1133.808	118.392
335	2.79167	525.805	1098.211	500.694	579.373	1119.931	115.807
336	2.80000	521.263	1092.820	500.152	565.554	1106.099	113.758
337	2.80833	516.767	1087.692	499.392	552.504	1092.276	112.123
338	2.81667	512.235	1082.428	498.588	539.963	1078.602	111.195
339	2.82500	507.571	1077.509	497.671	527.606	1065.433	110.499
340	2.83333	502.937	1072.733	497.229	516.052	1052.578	110.285
341	2.84167	498.229	1068.198	496.493	504.645	1040.196	110.142
342	2.85000	493.666	1063.458	495.906	494.128	1025.760	110.366
343	2.85833	489.012	1058.984	495.108	484.231	1013.487	110.835
344	2.86667	484.712	1054.709	494.651	474.681	1001.859	110.952
345	2.87500	480.398	1050.173	494.021	466.087	990.599	111.511
346	2.88333	476.334	1045.812	493.449	456.767	979.752	111.993
347	2.89167	472.366	1041.290	492.467	448.410	969.368	112.558
348	2.90000	468.409	1036.807	491.870	440.177	959.441	113.445
349	2.90833	464.410	1032.492	491.094	432.726	950.165	113.776
350	2.91667	460.284	1028.104	490.325	425.448	941.549	114.312
351	2.92500	456.212	1023.360	489.585	419.330	933.694	114.448
352	2.93333	451.833	1018.923	488.960	413.611	926.355	114.402
353	2.94167	447.337	1013.981	488.556	408.295	920.124	114.200
354	2.95000	442.686	1009.022	488.196	404.028	913.815	114.040
355	2.95833	438.260	1004.033	487.540	399.504	908.766	113.538
356	2.96667	433.729	999.058	487.167	396.082	904.248	112.873
357	2.97500	429.442	994.274	486.498	392.829	900.095	112.117
358	2.98333	425.356	989.905	485.866	390.522	896.237	111.139
359	2.99167	421.257	985.621	485.235	388.328	893.671	110.416
360	3.00000	417.726	981.227	484.340	386.782	890.563	108.658
361	3.00833	414.259	977.478	483.137	385.872	888.390	107.152
362	3.01667	410.912	973.705	482.077	384.994	886.376	105.257
363	3.02500	407.685	970.175	480.616	384.663	885.051	103.291
364	3.03333	404.828	966.763	479.202	384.505	883.904	101.301
365	3.04167	402.158	963.663	477.737	384.616	883.107	99.817
366	3.05000	399.141	960.783	476.317	384.880	881.992	98.292
367	3.05833	396.847	957.969	474.704	384.551	879.997	96.896
368	3.06667	394.445	955.576	473.377	383.754	877.618	95.988
369	3.07500	392.392	953.032	471.807	382.805	874.741	95.105
370	3.08333	389.974	950.325	470.503	381.044	871.557	94.412
371	3.09167	387.004	947.478	469.959	379.787	869.615	93.869
372	3.10000	383.678	944.306	469.168	378.136	867.761	93.446
373	3.10833	379.964	941.236	468.692	376.933	866.465	93.151
374	3.11667	376.185	938.235	468.802	375.866	864.877	93.153
375	3.12500	372.294	935.010	468.898	374.784	864.065	93.157
376	3.13333	368.162	932.069	469.030	373.651	863.596	93.093
377	3.14167	363.726	929.221	469.186	372.770	863.074	93.147
378	3.15000	359.540	926.515	469.401	372.021	862.600	93.221
379	3.15833	355.351	923.467	469.705	371.294	862.123	93.229
380	3.16667	351.322	920.332	470.001	370.776	861.609	93.292
381	3.17500	347.543	916.960	470.200	370.390	860.904	93.368
382	3.18333	344.337	913.898	470.253	370.263	860.156	93.577
383	3.19167	341.561	911.403	470.092	369.935	859.353	93.558
384	3.20000	338.504	908.777	469.990	370.017	858.672	93.680
385	3.20833	335.676	906.187	469.994	369.964	857.951	93.953
386	3.21667	333.053	903.971	469.781	369.849	857.200	94.087
387	3.22500	330.180	901.660	469.743	369.661	856.645	94.118
388	3.23333	327.406	899.244	469.652	369.513	856.126	94.451
389	3.24167	324.725	897.091	469.592	369.354	855.803	94.543
390	3.25000	322.029	894.909	469.636	369.259	855.539	94.676
391	3.25833	319.357	892.690	469.531	369.232	855.407	94.654
392	3.26667	316.760	890.661	469.771	369.297	856.543	94.491
393	3.27500	314.841	888.986	469.701	369.498	856.004	94.443
394	3.28333	312.512	887.251	469.674	369.498	855.440	94.721
395	3.29167	310.738	885.537	469.574	369.740	854.788	94.682
396	3.30000	309.137	883.993	469.697	369.767	854.496	94.816
397	3.30833	307.849	882.971	469.885	369.843	854.295	94.998
398	3.31667	306.912	882.018	470.334	369.931	854.072	95.141
399	3.32500	305.301	880.601	470.394	369.871	853.901	95.171
400	3.33333	303.632	879.286	470.520	369.981	853.787	95.421
401	3.34167	301.844	877.820	470.554	369.814	853.621	95.560
402	3.35000	300.453	876.555	470.715	369.739	853.548	95.624
403	3.35833	298.929	875.210	470.823	369.676	853.458	95.736
404	3.36667	297.253	873.647	470.972	369.616	853.347	95.831
405	3.37500	295.755	872.291	470.966	369.619	853.192	95.973
406	3.38333	294.225	870.677	471.202	369.626	853.121	96.068
407	3.39167	292.496	869.209	471.065	369.615	853.022	96.127
408	3.40000	291.042	867.644	471.326	369.528	852.811	96.166
409	3.40833	289.501	866.068	471.482	369.433	852.574	96.406
410	3.41667	287.834	864.353	471.527	369.355	852.344	96.404
411	3.42500	286.150	862.729	471.640	369.130	852.075	96.666
412	3.43333	284.654	861.189	471.593	369.233	852.027	96.769
413	3.44167	283.425	859.774	471.464	369.178	851.790	96.944
414	3.45000	281.559	857.998	471.462	369.121	851.641	97.118
415	3.45833	280.006	856.369	471.550	369.039	851.408	97.232
416	3.46667	278.299	854.622	471.467	368.902	851.214	97.434
417	3.47500	276.509	852.795	471.330	368.829	851.066	97.595
418	3.48333	275.172	851.276	471.085	368.702	850.818	97.758
419	3.49167	273.340	849.643	471.282	368.590	850.649	97.928
420	3.50000	271.851	847.814	471.090	368.516	850.551	98.096
421	3.50833	270.150	845.969	470.614	368.326	850.363	98.218
422	3.51667	268.298	844.214	470.525	368.456	850.214	98.422
423	3.52500	266.856	842.524	470.466	368.236	850.055	98.675
424	3.53333	265.132	840.545	470.232	368.160	849.824	98.777
425	3.54167	263.580	839.067	470.262	368.122	849.720	99.006
426	3.55000	261.470	838.720	470.486	368.093	849.570	99.399
427	3.55833	260.161	835.251	469.917	367.890	849.344	99.446
428	3.56667	258.130	835.282	470.232	367.730	849.357	99.864
429	3.57500	256.897	831.472	469.589	367.640	849.201	99.983
430	3.58333	254.757	831.525	470.070	367.516	848.996	100.237
431	3.59167	253.261	829.339	469.728	367.397	848.859	100.413
432	3.60000	251.109	827.559	469.548	367.292	848.721	100.595
433	3.60833	249.711	825.315	469.194	367.226	848.574	100.768
434	3.61667	247.962	823.271	469.364	367.092	848.396	100.963
435	3.62500	246.531	821.293	468.786	367.093	848.168	101.205
436	3.63333	244.473	818.785	468.585	367.092	847.987	101.434
437	3.64167	243.065	816.764	468.160	366.923	847.673	101.708
438	3.65000	241.147	814.795	468.362	366.948	847.346	101.965
439	3.65833	239.546	812.800	468.020	366.740	846.970	102.331
440	3.66667	238.389	811.414	469.225	366.719	846.647	102.671
441	3.67500	236.860	809.193	468.964	366.689	846.350	103.014
442	3.68333	235.610	806.883	468.654	366.645	846.020	103.336
443	3.69167	233.648	804.939	468.553	366.466	845.773	103.795
444	3.70000	232.188	802.413	468.024	366.374	845.381	104.065
445	3.70833	230.390	799.693	467.710	366.362	845.118	104.341
446	3.71667	229.211	797.529	467.434	366.313	844.794	104.829
447	3.72500	227.407	795.286	467.154	366.162	844.280	105.284
448	3.73333	225.721	793.039	467.194	366.166	843.967	105.723
449	3.74167	224.418	790.049	466.319	366.055	843.581	106.233
450	3.75000	222.851	787.730	466.582	366.007	843.093	106.783
451	3.75833	221.666	785.110	466.282	365.941	842.734	107.580
452	3.76667	219.855	782.471	466.050	365.800	842.212	108.213
453	3.77500	218.256	780.073	466.059	365.729	841.824	108.947
454	3.78333	216.753	777.047	465.602	365.545	841.541	109.679
455	3.79167	215.351	774.533	465.699	365.195	841.064	110.309
456	3.80000	213.533	771.887	465.869	364.851	840.818	111.037
457	3.80833	212.360	769.157	465.668	364.524	840.473	111.829
458	3.81667	210.205	766.017	465.578	364.202	839.904	112.850
459	3.82500	208.751	763.215	465.786	363.935	839.404	113.945
460	3.83333	206.794	760.268	466.008	363.571	839.075	115.022
461	3.84167	205.183	756.843	466.113	362.980	838.425	116.499
462	3.85000	202.845	753.343	466.531	362.472	837.989	117.692
463	3.85833	200.653	749.909	466.721	361.812	837.568	119.418
464	3.86667	197.953	746.149	466.880	360.970	837.022	121.116
465	3.87500	195.313	742.291	467.273	359.854	836.326	123.026
466	3.88333	192.136	737.922	467.759	358.685	835.836	125.039
467	3.89167	188.561	733.252	468.123	357.439	835.091	127.478
468	3.90000	184.811	728.285	468.678	355.906	834.162	130.014
469	3.90833	180.401	723.131	469.127	354.010	833.548	133.370
470	3.91667	175.531	717.454	469.851	351.904	832.289	136.501
471	3.92500	169.823	711.112	470.731	349.494	830.907	140.325
472	3.93333	163.684	704.811	471.238	346.474	829.131	144.427
473	3.94167	156.800	697.881	471.961	343.068	827.188	148.987
474	3.95000	149.461	690.607	473.037	339.317	824.821	153.901
475	3.95833	141.727	683.344	474.236	335.426	822.129	159.066
476	3.96667	133.460	675.624	474.858	331.538	818.674	164.692
477	3.97500	124.954	667.751	476.045	327.285	815.339	170.845
478	3.98333	116.330	659.735	477.082	323.259	811.224	177.216
479	3.99167	107.591	651.688	477.970	319.248	806.657	183.944
480	4.00000	99.035	643.381	479.462	315.089	801.561	191.218
481	4.00833	90.150	634.600	480.945	312.731	796.012	200.022
482	4.01667	81.781	625.871	482.657	308.639	790.134	207.886
483	4.02500	73.155	617.209	484.470	305.044	784.120	216.558
484	4.03333	64.886	608.536	486.438	301.640	777.901	225.607
485	4.04167	56.864	599.814	488.693	298.338	771.222	234.773
486	4.05000	48.904	590.996	491.609	295.482	765.312	244.931
487	4.05833	41.132	582.598	494.264	292.122	758.320	254.681
488	4.06667	33.328	574.081	497.282	288.646	751.077	264.125
489	4.07500	25.734	565.187	500.329	284.575	743.813	273.284
490	4.08333	18.245	556.404	503.630	280.483	736.345	282.417
491	4.09167	10.744	547.893	506.637	276.282	728.824	291.208
492	4.10000	3.643	539.562	509.135	271.687	721.280	299.619
493	4.10833	-3.095	531.413	512.398	267.131	713.656	307.612
494	4.11667	-11.082	522.455	513.900	262.289	706.055	314.747
495	4.12500	-17.463	514.052	516.516	257.253	698.531	321.633
496	4.13333	-23.513	505.537	519.352	252.149	690.939	327.918
497	4.14167	-30.102	496.253	522.834	246.679	683.357	333.060
498	4.15000	-35.860	488.336	525.709	241.162	675.888	338.063
499	4.15833	-41.988	480.351	528.232	235.391	668.077	341.788
500	4.16667	-47.996	472.379	530.940	229.606	660.471	344.847
501	4.17500	-53.176	464.582	533.020	223.569	652.977	347.411
502	4.18333	-58.733	457.136	535.270	217.364	645.316	348.719
503	4.19167	-63.986	449.590	537.563	210.977	637.736	349.464
504	4.20000	-69.481	442.565	539.543	204.179	630.165	349.534
505	4.20833	-74.752	435.234	541.337	197.383	622.253	348.588
506	4.21667	-79.793	428.167	542.744	190.027	614.761	347.029
507	4.22500	-84.832	421.487	544.656	182.803	606.857	344.409
508	4.23333	-89.961	414.682	545.740	175.085	598.986	341.421
509	4.24167	-94.938	408.366	546.792	167.122	591.243	337.493
510	4.25000	-99.807	401.729	548.014	158.953	583.206	332.989
511	4.25833	-104.595	395.412	548.620	150.252	575.375	327.827
512	4.26667	-109.280	389.313	549.476	141.153	567.024	321.635
513	4.27500	-114.021	383.133	550.123	131.955	558.768	315.281
514	4.28333	-118.748	377.147	550.397	122.497	550.263	308.193
515	4.29167	-123.118	371.582	550.363	112.585	541.493	300.367
516	4.30000	-127.439	365.961	550.350	101.983	531.997	291.909
517	4.30833	-131.599	360.833	550.121	91.313	522.883	283.124
518	4.31667	-135.667	355.564	549.651	80.509	513.329	274.470
519	4.32500	-139.550	350.530	549.515	69.180	503.840	264.931
520	4.33333	-143.250	345.818	548.975	55.936	494.077	254.836
521	4.34167	-146.918	341.240	547.987	44.096	483.860	244.866
522	4.35000	-150.232	337.142	546.931	32.209	473.646	235.686
523	4.35833	-153.614	333.108	545.433	19.870	462.828	226.045
524	4.36667	-156.976	329.307	543.847	7.730	452.253	216.763
525	4.37500	-160.101	325.779	542.385	-5.046	441.133	207.473
526	4.38333	-162.820	322.461	540.783	-17.993	429.591	198.307
527	4.39167	-165.664	319.303	539.023	-31.048	418.340	189.428
528	4.40000	-168.285	316.506	536.933	-44.311	406.335	181.135
529	4.40833	-171.028	313.715	534.909	-57.803	394.614	173.237
530	4.41667	-173.693	310.919	532.931	-71.335	382.442	166.262
531	4.42500	-176.347	308.288	530.778	-85.043	370.564	159.733
532	4.43333	-179.143	305.572	528.411	-98.952	358.564	153.902
533	4.44167	-182.235	302.698	526.578	-112.681	347.061	148.869
534	4.45000	-185.483	299.778	524.809	-126.577	335.295	144.280
535	4.45833	-188.882	296.918	522.927	-140.366	323.882	140.447
536	4.46667	-192.250	294.107	520.917	-154.177	312.675	137.058
537	4.47500	-195.859	291.218	519.307	-167.765	301.778	134.188
538	4.48333	-199.675	288.257	517.909	-180.921	290.932	132.140
539	4.49167	-203.414	285.657	516.264	-193.555	280.328	129.912
540	4.50000	-207.975	282.784	515.107	-206.053	270.200	128.662
541	4.50833	-212.725	280.128	514.130	-218.149	260.551	127.518
542	4.51667	-217.173	277.198	513.274	-230.334	250.347	126.914
543	4.52500	-221.347	274.568	512.272	-241.602	240.764	126.588
544	4.53333	-225.324	272.083	511.373	-252.469	231.358	126.704
545	4.54167	-229.212	269.737	510.539	-262.712	221.226	127.470
546	4.55000	-232.898	267.766	509.488	-272.688	212.479	127.939
547	4.55833	-236.702	265.773	508.501	-282.189	204.060	128.603
548	4.56667	-240.776	263.728	507.611	-291.141	196.410	128.375
549	4.57500	-244.846	261.258	506.701	-299.203	188.731	128.926
550	4.58333	-249.021	258.478	505.797	-306.654	181.364	129.418
551	4.59167	-253.685	255.740	505.153	-313.541	174.896	129.897
552	4.60000	-258.432	252.183	504.389	-319.869	169.240	130.070
553	4.60833	-263.664	247.913	504.251	-326.310	163.595	130.218
554	4.61667	-269.254	243.589	504.234	-332.063	158.775	130.524
555	4.62500	-274.665	239.065	503.826	-337.821	154.505	130.645
556	4.63333	-280.418	234.361	503.457	-343.488	150.248	130.692
557	4.64167	-285.910	230.214	503.407	-349.050	146.500	130.319
558	4.65000	-291.289	226.090	502.933	-354.749	142.638	129.960
559	4.65833	-296.722	222.092	502.011	-360.407	138.872	129.264
560	4.66667	-301.597	218.633	501.095	-366.146	135.550	128.333
561	4.67500	-306.781	215.086	500.021	-371.656	132.273	127.302
562	4.68333	-311.740	211.986	498.847	-377.287	128.932	126.227
563	4.69167	-316.674	208.433	497.517	-382.528	125.804	125.113
564	4.70000	-321.610	205.075	496.419	-387.422	123.231	123.712
565	4.70833	-326.526	201.678	495.023	-391.882	120.751	121.949
566	4.71667	-331.200	198.453	493.678	-395.911	118.699	120.148
567	4.72500	-336.058	195.165	491.857	-399.721	116.595	118.426
568	4.73333	-340.668	191.965	490.444	-402.798	115.220	116.160
569	4.74167	-345.328	188.616	488.613	-405.431	113.965	113.989
570	4.75000	-349.573	185.810	486.761	-408.041	112.725	111.729
571	4.75833	-353.917	183.094	484.522	-410.235	111.497	109.170
572	4.76667	-357.994	180.410	482.263	-411.982	110.258	106.989
573	4.77500	-362.032	177.987	480.336	-413.609	108.558	104.865
574	4.78333	-365.988	176.053	477.994	-415.827	106.400	103.016
575	4.79167	-370.236	173.799	476.404	-418.160	104.379	101.818
576	4.80000	-373.880	172.734	475.946	-421.031	102.656	100.557
577	4.80833	-379.018	169.908	475.399	-423.756	101.149	99.440
578	4.81667	-384.378	167.006	474.982	-425.802	99.794	98.980
579	4.82500	-389.810	164.065	474.772	-427.767	98.355	98.394
580	4.83333	-395.211	160.948	474.820	-429.893	97.089	97.867
581	4.84167	-400.496	157.856	474.961	-431.723	96.349	97.354
582	4.85000	-405.616	155.050	475.282	-433.656	95.627	96.787
583	4.85833	-410.592	152.703	474.948	-435.202	95.126	96.531
584	4.86667	-415.206	150.616	474.577	-436.757	94.619	95.964
585	4.87500	-419.403	148.724	474.549	-438.343	93.882	95.319
586	4.88333	-423.623	146.639	474.202	-439.628	93.218	94.810
587	4.89167	-427.681	144.757	474.171	-440.520	92.790	94.713
588	4.90000	-431.300	143.011	474.255	-441.382	92.367	94.149
589	4.90833	-435.224	141.116	474.151	-442.254	92.043	93.819
590	4.91667	-438.843	139.294	474.464	-443.197	91.686	93.542
591	4.92500	-442.365	137.495	474.410	-443.868	91.469	93.377
592	4.93333	-445.835	135.820	474.781	-444.591	91.298	93.388
593	4.94167	-449.341	134.120	474.724	-444.963	91.405	93.390
594	4.95000	-452.402	132.648	475.030	-445.436	91.213	93.412
595	4.95833	-455.529	131.427	475.031	-445.764	91.279	93.426
596	4.96667	-458.305	130.218	475.426	-446.032	91.410	93.323
597	4.97500	-461.054	129.134	475.441	-446.282	91.034	93.193
598	4.98333	-463.565	128.063	475.622	-446.468	91.092	93.235
599	4.99167	-465.875	127.086	475.782	-446.614	91.079	93.299
600	5.00000	-468.039	126.196	475.831	-446.745	91.045	93.297
601	5.00833	-470.124	125.233	475.980	-446.878	90.922	93.319
602	5.01667	-472.113	124.450	476.047	-447.040	90.920	93.389
603	5.02500	-474.054	123.670	476.114	-447.251	90.674	93.517
604	5.03333	-476.022	122.872	476.124	-447.402	90.550	93.600
605	5.04167	-477.727	122.185	476.160	-447.556	90.433	93.731
606	5.05000	-479.318	121.434	476.320	-447.592	90.447	93.879
607	5.05833	-481.328	120.580	476.460	-447.757	90.187	94.054
608	5.06667	-482.870	119.830	476.546	-447.765	90.204	94.067
609	5.07500	-484.497	119.091	476.598	-448.059	89.949	94.147
610	5.08333	-486.029	118.644	476.612	-448.101	89.860	94.371
611	5.09167	-487.712	118.162	476.539	-448.171	89.728	94.554
612	5.10000	-489.368	117.339	476.609	-448.290	89.455	94.641
613	5.10833	-492.303	114.682	475.691	-448.373	89.168	94.792
614	5.11667	-493.915	113.730	475.798	-448.516	88.967	94.893
615	5.12500	-495.819	112.511	475.534	-448.638	88.777	95.132
616	5.13333	-497.722	111.240	475.413	-448.759	88.408	95.439
617	5.14167	-499.343	109.914	475.327	-448.863	88.028	95.639
618	5.15000	-501.228	108.715	475.334	-448.834	87.652	95.993
619	5.15833	-502.997	107.035	475.321	-448.776	86.963	96.589
620	5.16667	-504.901	105.547	474.970	-448.884	86.398	97.012
621	5.17500	-506.371	103.809	475.177	-448.891	85.702	97.254
622	5.18333	-508.002	102.211	474.898	-448.953	85.126	97.485
623	5.19167	-509.708	101.006	475.031	-449.073	84.621	97.695
624	5.20000	-511.551	98.994	474.501	-449.091	84.144	97.965
625	5.20833	-513.134	97.851	474.685	-449.042	83.886	98.051
626	5.21667	-514.803	96.924	474.777	-449.244	83.378	98.543
627	5.22500	-516.176	96.013	475.043	-449.290	83.122	98.697
628	5.23333	-517.709	94.872	475.087	-449.339	82.633	99.138
629	5.24167	-518.387	95.831	477.350	-449.324	82.232	99.356
630	5.25000	-519.824	94.742	477.730	-449.343	81.892	99.618
631	5.25833	-520.905	93.735	477.740	-449.321	81.476	99.788
632	5.26667	-522.104	92.812	477.594	-449.344	80.952	100.069
633	5.27500	-523.270	91.622	477.600	-449.266	80.844	100.251
634	5.28333	-524.192	90.685	477.607	-449.281	80.545	100.465
635	5.29167	-525.336	89.847	477.649	-449.299	80.278	100.674
636	5.30000	-526.338	89.025	477.761	-449.139	80.063	100.885
637	5.30833	-527.303	88.175	477.579	-449.264	79.664	101.045
638	5.31667	-527.989	87.387	477.521	-449.353	79.295	101.184
639	5.32500	-528.703	86.613	477.473	-449.036	79.014	101.254
640	5.33333	-529.288	85.805	477.320	-449.013	78.792	101.417
641	5.34167	-529.907	84.987	477.203	-448.901	78.382	101.506
642	5.35000	-530.342	84.435	477.231	-448.925	78.351	101.640
643	5.35833	-530.968	83.675	477.089	-448.926	78.091	101.624
644	5.36667	-531.573	82.804	477.098	-448.911	77.739	101.713
645	5.37500	-532.215	82.163	477.250	-448.830	77.621	101.822
646	5.38333	-532.713	81.256	477.040	-448.622	77.280	101.835
647	5.39167	-533.001	80.096	476.827	-448.753	76.804	102.039
648	5.40000	-533.413	79.235	476.716	-448.498	76.697	102.062
649	5.40833	-533.766	78.572	476.554	-448.340	76.293	102.248
650	5.41667	-534.090	77.796	476.631	-448.261	76.070	102.325
651	5.42500	-534.534	77.015	476.615	-448.233	75.889	102.520
652	5.43333	-535.079	76.205	477.034	-448.147	75.533	102.648
653	5.44167	-535.150	75.628	476.871	-448.163	75.430	102.751
654	5.45000	-535.345	74.780	477.113	-448.127	75.296	102.873
655	5.45833	-535.833	73.990	477.110	-448.114	75.196	102.997
656	5.46667	-536.082	73.124	477.183	-448.157	75.150	102.978
657	5.47500	-536.382	72.219	477.292	-448.147	74.894	103.041
658	5.48333	-536.860	71.289	477.712	-448.092	75.036	103.362
659	5.49167	-537.197	70.383	477.775	-448.083	74.630	103.340
660	5.50000	-537.483	69.400	477.821	-448.086	74.790	103.536
661	5.50833	-537.695	68.659	477.802	-448.087	74.682	103.529
662	5.51667	-537.885	67.787	477.874	-448.122	74.665	103.683
663	5.52500	-538.213	66.957	477.685	-447.972	74.568	103.689
664	5.53333	-538.282	66.280	477.595	-447.920	74.894	103.685
665	5.54167	-538.469	65.869	477.832	-447.817	74.628	103.414
666	5.55000	-538.550	65.493	477.607	-447.652	74.638	103.285
667	5.55833	-538.505	65.168	477.459	-447.597	74.612	103.143
668	5.56667	-538.621	64.944	477.430	-447.572	74.911	103.056
669	5.57500	-538.592	64.626	477.369	-447.485	74.609	102.886
670	5.58333	-538.589	64.386	477.305	-447.421	74.676	102.778
671	5.59167	-538.734	64.141	477.517	-447.328	74.726	102.738
672	5.60000	-538.677	63.762	477.628	-447.241	74.676	102.678
673	5.60833	-538.589	63.242	477.766	-447.278	74.638	102.823
674	5.61667	-538.596	62.543	477.839	-447.408	74.887	102.955
675	5.62500	-538.627	61.966	478.116	-447.393	74.840	103.119
676	5.63333	-538.643	61.171	478.255	-447.426	74.659	103.325
677	5.64167	-538.747	60.332	478.417	-447.410	74.805	103.545
678	5.65000	-538.794	59.705	478.504	-447.419	74.679	103.617
679	5.65833	-538.968	59.044	478.868	-447.540	74.471	103.810
680	5.66667	-538.910	58.324	479.014	-447.390	74.549	103.985
681	5.67500	-538.801	57.579	479.237	-447.407	74.407	104.068
682	5.68333	-538.684	56.894	479.333	-447.464	74.290	104.318
683	5.69167	-538.546	56.177	479.573	-447.378	74.276	104.352
684	5.70000	-538.328	55.655	479.831	-447.392	74.171	104.434
685	5.70833	-538.325	55.031	480.269	-447.363	74.032	104.518
686	5.71667	-538.205	54.380	480.289	-447.265	74.067	104.516
687	5.72500	-537.938	53.792	480.387	-447.239	73.877	104.575
688	5.73333	-537.609	53.154	480.371	-447.157	73.836	104.694
689	5.74167	-537.315	52.634	480.440	-447.063	73.738	104.818
690	5.75000	-537.048	52.015	480.451	-446.927	73.678	104.647
691	5.75833	-536.887	51.619	480.594	-446.911	73.502	104.805
692	5.76667	-536.658	50.899	480.773	-446.782	73.492	104.772
693	5.77500	-536.494	50.374	480.736	-446.657	73.466	104.765
694	5.78333	-536.175	49.911	480.697	-446.706	73.415	104.774
695	5.79167	-536.152	49.359	480.684	-446.561	73.476	104.756
696	5.80000	-535.955	48.932	480.705	-446.615	73.395	104.841
697	5.80833	-535.896	48.446	480.616	-446.586	73.458	104.745
698	5.81667	-535.758	48.009	480.714	-446.592	73.406	104.797
699	5.82500	-535.773	47.560	480.928	-446.457	73.289	104.858
700	5.83333	-535.603	46.879	481.137	-446.557	73.492	104.831
701	5.84167	-535.552	46.249	481.134	-446.581	73.284	104.956
702	5.85000	-535.493	45.633	481.328	-446.608	73.243	104.970
703	5.85833	-535.527	45.113	481.334	-446.515	73.234	104.986
704	5.86667	-535.351	44.513	481.516	-446.468	73.115	105.027
705	5.87500	-535.291	43.922	481.545	-446.513	73.028	105.082
706	5.88333	-535.299	43.361	481.688	-446.579	72.881	105.233
707	5.89167	-535.539	42.730	481.936	-446.429	72.895	105.258
708	5.90000	-535.357	42.058	481.824	-446.521	72.570	105.380
709	5.90833	-535.355	41.276	481.646	-446.502	72.569	105.325
710	5.91667	-535.378	40.750	481.828	-446.517	72.504	105.413
711	5.92500	-535.365	40.178	481.759	-446.466	72.393	105.595
712	5.93333	-535.503	39.686	481.703	-446.459	72.479	105.579
713	5.94167	-535.666	38.973	481.579	-446.506	72.378	105.547
714	5.95000	-535.644	38.380	481.539	-446.523	72.195	105.665
715	5.95833	-535.799	37.927	481.694	-446.468	72.166	105.721
716	5.96667	-535.673	37.093	481.644	-446.431	72.038	105.723
717	5.97500	-535.617	36.555	481.730	-446.398	72.084	105.850
718	5.98333	-535.515	36.117	481.571	-446.365	71.726	105.655
719	5.99167	-535.351	35.787	481.603	-446.471	71.532	105.929
720	6.00000	-535.172	35.569	481.471	-446.335	71.693	106.006
